100
102
107
113
119
136
138
146
147
160
195
202
256
272
294
299
305
324
340
344
350
357
369
371
374
382
386
392
406
408
412
424
443
444
445
446
458
476
483
484
488
490
494
495
499
543
572
573
583
591
621
623
673
674
686
694
10008
10035
10055
10062
10071
10082
10098
10106
10107
10110
10127
10189
10190
10220
10222
10300
10340
10370
10473
10515
10550
10589
10696
10783
10789
10878
10924
11172
11185
11332
11364
11479
11494
11498
11541
11577
11661
11687
11689
11743
11764
11875
11879
11936
11942
11986
12019
12149
12195
12289
12405
12459
12468
12602
12650
