    000ABCD 16 15
    1111000  2 10
    1111000  2 16
    2102101  3 10
    2102101  3 15
      12312  4  2


         1A 15  2
    1234567 10 16
       ABCD 16 15

    0000000000000000000000000000 2 15
    1111111111111111111111111111 2 16
    0111111111111111111111111111 2 16
    1111111111111111111111111111 16 2
    0111111111111111111111111111 16 2

      -12   10 10
       -12 10                                   2
    12345678 10 10
         1111000   2  10
         1111000   2  16
         2102101   3    10
       2102101   3 15
        12312      4     2
         1A 15  2
       1234567  10     16
         ABCD  16 15
            0  2     15
         ABCD   16 16
       000000F 16       10
            1A 15 15
        0000000  16 10
        0000000  16      16
        0000000  10 10
              0  16 10
              00  16      16
             000  10 10
             65536 10 2
    64 10 2
    1111111 2 16
    111111 2                        2
    63 10 2
    1111111 2 2
    127 10 2
    11111111 2 2
    255 10 2
000000000000000000000000000000000001 10 10
F000000 16 10
          0 10 10
       0000 10 10
    9999999 10  2
    9999999 10 10
    9999999 10 16
     98967F 16 10
        418 10 16
        1A2 16 10
    1111000  2 10
    1111000  2 16
    2102101  3 10
    2102101  3 15
      12312  4  2
         1A 15  2
    1234567 10 16
       ABCD 16 15
    FFFFFFF 16 16
    EEEEEEE 15 15
    1111111  2  2
          0  2  2
